6 0.4375 0.4640625 0.0078125 0.028125
4 0.559375 0.46875 0.009375 0.03125
6 0.290625 0.46171875 0.00859375 0.03125
6 0.54140625 0.46796875 0.0078125 0.02890625
6 0.66484375 0.47109375 0.00625 0.0265625
4 0.68359375 0.471875 0.0078125 0.025
4 0.32109375 0.4625 0.00859375 0.0296875
8 0.73125 0.49609375 0.00703125 0.009375
8 0.665625 0.49765625 0.0078125 0.01015625
8 0.60859375 0.47890625 0.00703125 0.01015625
9 0.5234375 0.48125 0.0140625 0.0265625
8 0.5609375 0.50234375 0.01171875 0.0203125
8 0.453125 0.4796875 0.0125 0.01953125