8 0.0578125 0.62734375 0.03515625 0.04375
5 0.57109375 0.4265625 0.01953125 0.03046875
3 0.51875 0.4203125 0.01640625 0.02421875
5 0.70703125 0.39375 0.009375 0.0125
8 0.31171875 0.38671875 0.00859375 0.01328125
3 0.228125 0.39140625 0.009375 0.01328125
8 0.48515625 0.3890625 0.00859375 0.01171875
3 0.53515625 0.39375 0.00859375 0.0109375
3 0.0203125 0.39140625 0.00859375 0.01171875
5 0.38671875 0.38515625 0.00859375 0.01171875
5 0.20703125 0.3890625 0.00859375 0.0109375
3 0.38125 0.3921875 0.00859375 0.01171875