8 0.4765625 0.6671875 0.0234375 0.03125
4 0.265625 0.5484375 0.0234375 0.08671875
6 0.21796875 0.528125 0.01640625 0.0640625
0 0.66640625 0.61796875 0.0171875 0.021875
6 0.11015625 0.54453125 0.021875 0.08359375
8 0.79140625 0.54765625 0.01640625 0.0265625
0 0.64609375 0.603125 0.015625 0.0203125
4 0.37421875 0.52265625 0.01796875 0.06484375
1 0.846875 0.5515625 0.01796875 0.0265625
5 0.321875 0.540625 0.009375 0.0125
3 0.484375 0.5375 0.0078125 0.0125
5 0.39375 0.53515625 0.00703125 0.01015625
5 0.49453125 0.5296875 0.00703125 0.01015625