8 0.71796875 0.57890625 0.03203125 0.0375
8 0.3734375 0.47578125 0.01875 0.02890625
1 0.46171875 0.478125 0.01875 0.02734375
0 0.62421875 0.53515625 0.02109375 0.02265625
3 0.2359375 0.46171875 0.00859375 0.0125
0 0.5 0.51640625 0.01875 0.02578125
3 0.41328125 0.46484375 0.00859375 0.01015625
5 0.1921875 0.4578125 0.0078125 0.009375
5 0.0203125 0.453125 0.0078125 0.01171875
3 0.59296875 0.46875 0.009375 0.01171875
3 0.0890625 0.45859375 0.00859375 0.01015625
3 0.99140625 0.48515625 0.009375 0.01171875
3 0.87890625 0.48125 0.00859375 0.0109375