8 0.16875 0.2984375 0.03515625 0.04140625
8 0.65859375 0.2515625 0.01953125 0.03125
0 0.48828125 0.2859375 0.0234375 0.02734375
0 0.4640625 0.27109375 0.02109375 0.02109375
1 0.7265625 0.26171875 0.02109375 0.0296875
4 0.1609375 0.19375 0.02421875 0.078125
5 0.10390625 0.21875 0.0109375 0.01171875
3 0.00625 0.23125 0.0125 0.015625
3 0.3046875 0.23046875 0.01015625 0.01171875
3 0.37109375 0.23203125 0.01015625 0.0109375
8 0.38125 0.23203125 0.009375 0.01015625
5 0.81328125 0.25703125 0.0078125 0.0109375