8 0.9140625 0.5359375 0.028125 0.03359375
8 0.296875 0.459375 0.01875 0.02734375
0 0.70234375 0.49921875 0.021875 0.02421875
1 0.39921875 0.46171875 0.01875 0.0265625
3 0.92421875 0.44921875 0.01640625 0.0203125
0 0.5453125 0.4921875 0.01640625 0.0203125
5 0.059375 0.453125 0.00859375 0.01015625
5 0.86953125 0.44296875 0.0078125 0.009375
5 0.56875 0.4453125 0.00703125 0.009375
8 0.67734375 0.44609375 0.00859375 0.01015625
3 0.7296875 0.446875 0.0078125 0.009375
3 0.453125 0.4484375 0.009375 0.01171875